 1.00000000e+00  0.00000000e+00  6.75707896e-01  2.25060281e-03 
 1.00000000e+00  1.00000000e+00  7.04143117e-01  2.04346316e-03 
 1.00000000e+00  2.00000000e+00  6.91428387e-01 -7.00324547e-03 
 1.00000000e+00  3.00000000e+00  7.15708828e-01 -2.25385154e-03 
 1.00000000e+00  4.00000000e+00  7.20206457e-01 -2.56273712e-03 
 1.00000000e+00  5.00000000e+00  7.28339409e-01 -2.05151058e-04 
 1.00000000e+00  6.00000000e+00  6.93767687e-01  8.94449687e-05 
 1.00000000e+00  7.00000000e+00  7.03283418e-01  2.84309470e-03 
 1.00000000e+00  8.00000000e+00  7.09037060e-01  1.62439118e-03 
 1.00000000e+00  9.00000000e+00  6.99439288e-01 -3.65552840e-03 
 1.00000000e+00  1.00000000e+01  7.00145727e-01 -3.48747304e-04 
 1.00000000e+00  1.10000000e+01  7.01253214e-01  2.57472221e-03 
 1.00000000e+00  1.20000000e+01  6.77159465e-01 -1.20404159e-03 
 1.00000000e+00  1.30000000e+01  7.52517092e-01  2.12790360e-03 
 1.00000000e+00  1.40000000e+01  6.73126384e-01 -2.07273405e-03 
 1.00000000e+00  1.50000000e+01  7.04185885e-01  2.04577053e-03 
 1.00000000e+00  1.60000000e+01  6.89196834e-01  1.90833449e-03 
 1.00000000e+00  1.70000000e+01  7.03499645e-01  3.74236848e-03 
 1.00000000e+00  1.80000000e+01  6.73132930e-01  2.94356328e-03 
 1.00000000e+00  1.90000000e+01  6.80823670e-01  2.54608162e-03 
 1.00000000e+00  2.00000000e+01  7.17551736e-01  1.32464285e-03 
 1.00000000e+00  2.10000000e+01  6.95326327e-01  1.33641538e-03 
 1.00000000e+00  2.20000000e+01  6.64045149e-01  2.32237505e-03 
 1.00000000e+00  2.30000000e+01  7.29373990e-01 -2.31600298e-03 
 1.00000000e+00  2.40000000e+01  7.25671954e-01  7.37798221e-04 
 1.00000000e+00  2.50000000e+01  6.83633050e-01 -1.83830053e-03 
 1.00000000e+00  2.60000000e+01  6.85308316e-01  2.25981127e-03 
 1.00000000e+00  2.70000000e+01  6.93997472e-01 -4.18061403e-03 
 1.00000000e+00  2.80000000e+01  7.05799834e-01  2.98518733e-03 
 1.00000000e+00  2.90000000e+01  7.03345139e-01  2.56996099e-04 
 1.00000000e+00  3.00000000e+01  7.10348760e-01 -1.24697961e-03 
 1.00000000e+00  3.10000000e+01  7.67228771e-01 -1.04397982e-03 
 1.00000000e+00  3.20000000e+01  7.27540525e-01 -4.21876721e-05 
 1.00000000e+00  3.30000000e+01  7.15612756e-01 -8.76044724e-04 
 1.00000000e+00  3.40000000e+01  6.95237313e-01  2.32302412e-03 
 1.00000000e+00  3.50000000e+01  6.78602131e-01 -1.51420724e-03 
 1.00000000e+00  3.60000000e+01  6.93143235e-01 -1.18922430e-03 
 1.00000000e+00  3.70000000e+01  7.19519340e-01  1.62903683e-03 
 1.00000000e+00  3.80000000e+01  6.88371118e-01  1.64926839e-03 
 1.00000000e+00  3.90000000e+01  7.12036485e-01  2.55795931e-03 
 1.00000000e+00  4.00000000e+01  6.84181332e-01  2.21551654e-03 
 1.00000000e+00  4.10000000e+01  6.93512196e-01  3.23302139e-03 
 1.00000000e+00  4.20000000e+01  6.72371528e-01 -2.29996202e-03 
 1.00000000e+00  4.30000000e+01  7.15149715e-01 -3.19896512e-04 
 1.00000000e+00  4.40000000e+01  6.96868928e-01  2.42992754e-03 
 1.00000000e+00  4.50000000e+01  6.75274057e-01  1.56741723e-03 
 1.00000000e+00  4.60000000e+01  6.98304890e-01 -3.16377794e-04 
 1.00000000e+00  4.70000000e+01  6.99738612e-01 -2.17847541e-03 
 1.00000000e+00  4.80000000e+01  7.26722196e-01 -2.43824423e-03 
 1.00000000e+00  4.90000000e+01  7.25586389e-01 -1.79404334e-03 
 1.00000000e+00  5.00000000e+01  6.64693255e-01  8.17775547e-04 
 1.00000000e+00  5.10000000e+01  6.96869396e-01 -1.73180517e-03 
 1.00000000e+00  5.20000000e+01  7.19366986e-01  1.91105565e-03 
 1.00000000e+00  5.30000000e+01  7.15831597e-01  3.10940581e-03 
 1.00000000e+00  5.40000000e+01  7.15631576e-01  2.15253581e-03 
 1.00000000e+00  5.50000000e+01  6.94166671e-01 -2.39496615e-03 
 1.00000000e+00  5.60000000e+01  6.98180208e-01 -2.14566115e-04 
 1.00000000e+00  5.70000000e+01  6.93803060e-01 -4.49267409e-04 
 1.00000000e+00  5.80000000e+01  6.85968300e-01  2.73686240e-03 
 1.00000000e+00  5.90000000e+01  7.24537858e-01  1.03418691e-03 
 1.00000000e+00  6.00000000e+01  7.18956684e-01  1.38660476e-03 
 1.00000000e+00  6.10000000e+01  6.99704898e-01 -6.45714012e-03 
 1.00000000e+00  6.20000000e+01  7.16421882e-01  1.05946088e-03 
 1.00000000e+00  6.30000000e+01  6.86211674e-01  2.18125850e-03 
 1.00000000e+00  6.40000000e+01  6.94051789e-01  1.23038480e-03 
 1.00000000e+00  6.50000000e+01  6.83054829e-01 -1.03151424e-03 
 1.00000000e+00  6.60000000e+01  6.95526767e-01  1.78491774e-03 
 1.00000000e+00  6.70000000e+01  7.16492289e-01  2.59992646e-03 
 1.00000000e+00  6.80000000e+01  6.98971071e-01  3.27691159e-04 
 1.00000000e+00  6.90000000e+01  7.14835272e-01  4.81357711e-03 
 1.00000000e+00  7.00000000e+01  6.92320373e-01 -4.09684322e-04 
 1.00000000e+00  7.10000000e+01  7.15591397e-01  1.35841059e-03 
 1.00000000e+00  7.20000000e+01  6.74006061e-01 -1.38467140e-03 
 1.00000000e+00  7.30000000e+01  6.86291781e-01  2.76070781e-04 
 1.00000000e+00  7.40000000e+01  6.86474920e-01  2.11398407e-03 
 1.00000000e+00  7.50000000e+01  7.20117522e-01  4.38654841e-03 
 1.00000000e+00  7.60000000e+01  6.73777987e-01  3.30389891e-04 
 1.00000000e+00  7.70000000e+01  7.09277522e-01  3.34159254e-03 
 1.00000000e+00  7.80000000e+01  7.14411407e-01  2.66569367e-06 
 1.00000000e+00  7.90000000e+01  6.88161229e-01 -4.42987181e-05 
 1.00000000e+00  8.00000000e+01  7.44818138e-01 -3.01397840e-03 
 1.00000000e+00  8.10000000e+01  7.23940944e-01  2.00435202e-03 
 1.00000000e+00  8.20000000e+01  7.11701738e-01 -1.50284608e-03 
 1.00000000e+00  8.30000000e+01  6.64847338e-01  5.78918180e-04 
 1.00000000e+00  8.40000000e+01  6.95072704e-01  8.62717049e-04 
 1.00000000e+00  8.50000000e+01  6.84949378e-01  2.92134849e-03 
 1.00000000e+00  8.60000000e+01  7.34686241e-01 -1.23180917e-03 
 1.00000000e+00  8.70000000e+01  6.93308267e-01  6.71530345e-05 
 1.00000000e+00  8.80000000e+01  6.96730704e-01 -2.59016745e-03 
 1.00000000e+00  8.90000000e+01  7.05077264e-01  5.13042264e-06 
 1.00000000e+00  9.00000000e+01  6.71395427e-01  1.37163629e-03 
 1.00000000e+00  9.10000000e+01  6.95984348e-01 -1.86584982e-04 
 1.00000000e+00  9.20000000e+01  6.91505957e-01  1.87453751e-03 
 1.00000000e+00  9.30000000e+01  7.17279450e-01 -2.96626663e-03 
 1.00000000e+00  9.40000000e+01  7.10307263e-01  5.94417355e-04 
 1.00000000e+00  9.50000000e+01  7.11443397e-01 -9.02666500e-04 
 1.00000000e+00  9.60000000e+01  7.06214753e-01  1.00204490e-03 
 1.00000000e+00  9.70000000e+01  7.00612666e-01  1.84064328e-03 
 1.00000000e+00  9.80000000e+01  7.15176082e-01 -1.73145085e-03 
 1.00000000e+00  9.90000000e+01  6.87286553e-01  1.77923069e-03 
 1.00000000e+00  1.00000000e+02  7.25214491e-01  2.92505315e-03 
 1.00000000e+00  1.01000000e+02  6.98022593e-01  4.86609710e-03 
 1.00000000e+00  1.02000000e+02  6.89000507e-01  1.14698952e-03 
 1.00000000e+00  1.03000000e+02  6.77481999e-01 -3.31389197e-03 
 1.00000000e+00  1.04000000e+02  6.89243797e-01 -1.55327371e-03 
 1.00000000e+00  1.05000000e+02  7.34237177e-01  5.68149232e-03 
 1.00000000e+00  1.06000000e+02  7.03901306e-01 -2.43613203e-03 
 1.00000000e+00  1.07000000e+02  6.93411993e-01 -2.69540731e-04 
 1.00000000e+00  1.08000000e+02  7.01319214e-01 -4.03615804e-03 
 1.00000000e+00  1.09000000e+02  6.63051319e-01  1.33784674e-04 
 1.00000000e+00  1.10000000e+02  6.53143846e-01 -1.09749638e-03 
 1.00000000e+00  1.11000000e+02  7.36631204e-01  2.11357913e-03 
 1.00000000e+00  1.12000000e+02  7.39188260e-01 -1.91741846e-03 
 1.00000000e+00  1.13000000e+02  6.86083544e-01 -4.81779393e-04 
 1.00000000e+00  1.14000000e+02  6.91933261e-01  1.41436208e-03 
 1.00000000e+00  1.15000000e+02  7.09815890e-01 -1.82327981e-04 
 1.00000000e+00  1.16000000e+02  7.15754668e-01  2.06624555e-03 
 1.00000000e+00  1.17000000e+02  7.21697632e-01 -6.23198032e-04 
 1.00000000e+00  1.18000000e+02  7.34786024e-01 -1.27664996e-03 
 1.00000000e+00  1.19000000e+02  6.97754106e-01 -7.58005656e-05 
 1.00000000e+00  1.20000000e+02  7.45476315e-01  1.08083159e-03 
 1.00000000e+00  1.21000000e+02  6.77837310e-01  5.38201972e-04 
 1.00000000e+00  1.22000000e+02  6.88615148e-01 -8.04778346e-04 
 1.00000000e+00  1.23000000e+02  7.05091716e-01 -1.72891373e-03 
 1.00000000e+00  1.24000000e+02  6.98438920e-01 -1.02600448e-03 
 1.00000000e+00  1.25000000e+02  7.32038334e-01 -2.31219077e-03 
 1.00000000e+00  1.26000000e+02  7.02061624e-01  7.75749957e-05 
 1.00000000e+00  1.27000000e+02  7.04860356e-01 -1.73078713e-03 
 1.00000000e+00  1.28000000e+02  7.00619193e-01  2.42459728e-03 
 1.00000000e+00  1.29000000e+02  7.18632577e-01 -5.87922405e-03 
 1.00000000e+00  1.30000000e+02  7.21759574e-01 -5.01406028e-03 
 1.00000000e+00  1.31000000e+02  6.95052006e-01  1.79950525e-03 
 1.00000000e+00  1.32000000e+02  7.13315440e-01 -2.37562899e-03 
 1.00000000e+00  1.33000000e+02  6.94390143e-01 -3.23281676e-04 
 1.00000000e+00  1.34000000e+02  7.16335577e-01  3.04079141e-03 
 1.00000000e+00  1.35000000e+02  7.14242329e-01  7.32719288e-04 
 1.00000000e+00  1.36000000e+02  6.71409432e-01 -1.56613260e-04 
 1.00000000e+00  1.37000000e+02  6.94273157e-01 -1.55221109e-03 
 1.00000000e+00  1.38000000e+02  7.04237427e-01 -1.84878511e-03 
 1.00000000e+00  1.39000000e+02  6.98133810e-01 -2.44184038e-04 
 1.00000000e+00  1.40000000e+02  6.79968639e-01 -1.96731012e-03 
 1.00000000e+00  1.41000000e+02  6.70423346e-01 -3.14024616e-04 
 1.00000000e+00  1.42000000e+02  6.85824623e-01 -1.28956931e-03 
 1.00000000e+00  1.43000000e+02  6.94072813e-01 -1.68177698e-03 
 1.00000000e+00  1.44000000e+02  6.84047140e-01  1.65185686e-03 
 1.00000000e+00  1.45000000e+02  6.64867822e-01 -1.99762628e-03 
 1.00000000e+00  1.46000000e+02  6.90666369e-01 -2.07380151e-04 
 1.00000000e+00  1.47000000e+02  6.96830993e-01 -2.90414431e-03 
 1.00000000e+00  1.48000000e+02  6.86327046e-01 -2.89384962e-03 
 1.00000000e+00  1.49000000e+02  7.17253444e-01 -1.77810056e-03 
 1.00000000e+00  1.50000000e+02  7.14202276e-01 -2.62822757e-04 
 1.00000000e+00  1.51000000e+02  7.03666422e-01  4.70667349e-04 
 1.00000000e+00  1.52000000e+02  7.04806255e-01 -6.22511754e-03 
 1.00000000e+00  1.53000000e+02  7.26435113e-01 -4.32553827e-03 
 1.00000000e+00  1.54000000e+02  6.87683686e-01 -1.67551561e-03 
 1.00000000e+00  1.55000000e+02  7.11317862e-01  9.80864970e-04 
 1.00000000e+00  1.56000000e+02  6.71492564e-01  2.80618229e-03 
 1.00000000e+00  1.57000000e+02  7.11833903e-01  8.27116643e-04 
 1.00000000e+00  1.58000000e+02  6.73387921e-01  1.81641249e-03 
 1.00000000e+00  1.59000000e+02  6.93251407e-01  1.38558874e-03 
 1.00000000e+00  1.60000000e+02  6.74409627e-01 -4.54032186e-05 
 1.00000000e+00  1.61000000e+02  6.59843965e-01 -1.51478273e-03 
 1.00000000e+00  1.62000000e+02  7.02906399e-01 -8.91915006e-04 
 1.00000000e+00  1.63000000e+02  7.04233847e-01 -2.35101263e-03 
 1.00000000e+00  1.64000000e+02  7.06993180e-01 -1.86890843e-03 
 1.00000000e+00  1.65000000e+02  7.45434401e-01 -5.33668187e-04 
 1.00000000e+00  1.66000000e+02  6.51642143e-01 -1.19077879e-03 
 1.00000000e+00  1.67000000e+02  6.95277809e-01 -3.26436287e-03 
 1.00000000e+00  1.68000000e+02  7.06166444e-01  7.09517466e-05 
 1.00000000e+00  1.69000000e+02  7.19161163e-01 -2.05875688e-04 
 1.00000000e+00  1.70000000e+02  6.98011593e-01  6.22052035e-03 
 1.00000000e+00  1.71000000e+02  6.88106782e-01  6.13893634e-04 
 1.00000000e+00  1.72000000e+02  7.12193602e-01  4.17388471e-04 
 1.00000000e+00  1.73000000e+02  6.94029880e-01 -7.41821617e-04 
 1.00000000e+00  1.74000000e+02  7.13180228e-01  9.88728026e-04 
 1.00000000e+00  1.75000000e+02  7.08829605e-01 -8.53850037e-04 
 1.00000000e+00  1.76000000e+02  6.87464783e-01 -8.76131030e-04 
 1.00000000e+00  1.77000000e+02  6.92203059e-01 -2.40533548e-03 
 1.00000000e+00  1.78000000e+02  7.16161193e-01 -2.01378876e-03 
 1.00000000e+00  1.79000000e+02  6.96055723e-01  2.08585743e-03 
 1.00000000e+00  1.80000000e+02  6.73232963e-01  4.84656332e-03 
 1.00000000e+00  1.81000000e+02  7.04291820e-01 -2.95976570e-03 
 1.00000000e+00  1.82000000e+02  6.96933470e-01 -3.85114363e-03 
 1.00000000e+00  1.83000000e+02  7.06303840e-01 -3.27616281e-04 
 1.00000000e+00  1.84000000e+02  6.85314162e-01 -2.24571247e-03 
 1.00000000e+00  1.85000000e+02  6.93335197e-01 -2.05486863e-04 
 1.00000000e+00  1.86000000e+02  6.84322070e-01 -3.46533252e-03 
 1.00000000e+00  1.87000000e+02  6.93222128e-01 -4.08738483e-03 
 1.00000000e+00  1.88000000e+02  7.05383386e-01  1.01198968e-03 
 1.00000000e+00  1.89000000e+02  6.97511862e-01 -2.23315190e-03 
 1.00000000e+00  1.90000000e+02  6.89779273e-01 -2.51293902e-03 
 1.00000000e+00  1.91000000e+02  6.98606783e-01  2.79327039e-03 
 1.00000000e+00  1.92000000e+02  7.22172349e-01 -1.88795580e-03 
 1.00000000e+00  1.93000000e+02  7.01292648e-01 -1.39123470e-04 
 1.00000000e+00  1.94000000e+02  6.88313314e-01  2.08283624e-03 
 1.00000000e+00  1.95000000e+02  7.17776518e-01  3.92210800e-04 
 1.00000000e+00  1.96000000e+02  6.96615734e-01 -2.06593592e-03 
 1.00000000e+00  1.97000000e+02  6.96047350e-01 -3.99809831e-03 
 1.00000000e+00  1.98000000e+02  6.76535178e-01 -2.02349015e-03 
 1.00000000e+00  1.99000000e+02  6.82318173e-01  9.61431452e-04 
 1.00000000e+00  2.00000000e+02  7.05250386e-01  4.25763374e-03 
 1.00000000e+00  2.01000000e+02  6.83790842e-01  2.27921306e-04 
 1.00000000e+00  2.02000000e+02  6.84758730e-01 -1.17262980e-03 
 1.00000000e+00  2.03000000e+02  7.05400300e-01  8.45559973e-04 
 1.00000000e+00  2.04000000e+02  7.17081624e-01 -2.84907798e-03 
 1.00000000e+00  2.05000000e+02  6.84166084e-01 -1.59592142e-03 
 1.00000000e+00  2.06000000e+02  7.06838050e-01  3.03346439e-03 
 1.00000000e+00  2.07000000e+02  7.01388986e-01  1.44765191e-05 
 1.00000000e+00  2.08000000e+02  6.75207984e-01  1.56937114e-04 
 1.00000000e+00  2.09000000e+02  7.09151437e-01  6.16498298e-04 
 1.00000000e+00  2.10000000e+02  6.68677122e-01 -2.03302514e-03 
 1.00000000e+00  2.11000000e+02  6.98830599e-01 -1.51256237e-03 
 1.00000000e+00  2.12000000e+02  6.98297730e-01  4.86566374e-04 
 1.00000000e+00  2.13000000e+02  7.10382919e-01  1.53900071e-03 
 1.00000000e+00  2.14000000e+02  7.24095673e-01  3.30290219e-03 
 1.00000000e+00  2.15000000e+02  7.21117172e-01 -5.90467088e-05 
 1.00000000e+00  2.16000000e+02  7.34021059e-01 -1.36531384e-03 
 1.00000000e+00  2.17000000e+02  6.87010495e-01 -1.34905545e-03 
 1.00000000e+00  2.18000000e+02  6.97738784e-01  1.02541888e-04 
 1.00000000e+00  2.19000000e+02  7.04383030e-01 -1.95397959e-03 
 1.00000000e+00  2.20000000e+02  7.08506643e-01 -1.21020361e-03 
 1.00000000e+00  2.21000000e+02  7.01454740e-01 -2.15295154e-05 
 1.00000000e+00  2.22000000e+02  7.17284524e-01 -3.10157148e-03 
 1.00000000e+00  2.23000000e+02  7.00239435e-01  3.07713861e-03 
 1.00000000e+00  2.24000000e+02  7.06778946e-01  2.87050426e-03 
 1.00000000e+00  2.25000000e+02  7.03427414e-01  2.35093626e-03 
 1.00000000e+00  2.26000000e+02  7.03306541e-01  1.15149149e-03 
 1.00000000e+00  2.27000000e+02  6.92121190e-01 -2.37071063e-04 
 1.00000000e+00  2.28000000e+02  6.73885741e-01  1.78968566e-03 
 1.00000000e+00  2.29000000e+02  7.17013524e-01  2.86860170e-03 
 1.00000000e+00  2.30000000e+02  7.15175675e-01 -2.94140714e-04 
 1.00000000e+00  2.31000000e+02  7.02774919e-01 -3.22244293e-03 
 1.00000000e+00  2.32000000e+02  7.25178264e-01  2.29583794e-03 
 1.00000000e+00  2.33000000e+02  6.92716761e-01 -1.21848852e-03 
 1.00000000e+00  2.34000000e+02  6.96486677e-01 -3.47678347e-03 
 1.00000000e+00  2.35000000e+02  6.77009203e-01  1.91303276e-03 
 1.00000000e+00  2.36000000e+02  7.18431110e-01  8.77072564e-04 
 1.00000000e+00  2.37000000e+02  7.09577382e-01  1.60270891e-03 
 1.00000000e+00  2.38000000e+02  6.85308019e-01  2.66742356e-04 
 1.00000000e+00  2.39000000e+02  7.10720507e-01 -1.60616672e-03 
 1.00000000e+00  2.40000000e+02  6.99853492e-01 -2.08954847e-04 
 1.00000000e+00  2.41000000e+02  7.35425512e-01  4.03619173e-03 
 1.00000000e+00  2.42000000e+02  7.34211933e-01  5.31223448e-04 
 1.00000000e+00  2.43000000e+02  7.23234057e-01  8.33542871e-04 
 1.00000000e+00  2.44000000e+02  7.03709973e-01  4.63633884e-04 
 1.00000000e+00  2.45000000e+02  6.96938939e-01  2.77229564e-03 
 1.00000000e+00  2.46000000e+02  6.98397458e-01 -2.39210681e-03 
 1.00000000e+00  2.47000000e+02  6.97498314e-01  2.03113456e-03 
 1.00000000e+00  2.48000000e+02  7.21856655e-01  2.33873877e-03 
 1.00000000e+00  2.49000000e+02  6.98801975e-01  5.70773494e-04 
 1.00000000e+00  2.50000000e+02  6.91863339e-01  3.10988527e-03 
 1.00000000e+00  2.51000000e+02  6.96575509e-01 -6.83280161e-04 
 1.00000000e+00  2.52000000e+02  6.95276925e-01 -1.55762391e-03 
 1.00000000e+00  2.53000000e+02  7.35352748e-01 -2.53779345e-03 
 1.00000000e+00  2.54000000e+02  6.85406487e-01 -1.41302078e-03 
 1.00000000e+00  2.55000000e+02  6.95148429e-01  1.99203491e-03 
 1.00000000e+00  2.56000000e+02  7.12945047e-01  1.08441492e-04 
 1.00000000e+00  2.57000000e+02  7.10807170e-01  6.91028246e-04 
 1.00000000e+00  2.58000000e+02  6.92622733e-01  8.77894812e-04 
 1.00000000e+00  2.59000000e+02  6.97215055e-01  2.19766851e-03 
 1.00000000e+00  2.60000000e+02  6.94059649e-01  1.40374114e-03 
 1.00000000e+00  2.61000000e+02  6.93246463e-01  1.96910086e-03 
 1.00000000e+00  2.62000000e+02  7.33682052e-01  1.27604543e-03 
 1.00000000e+00  2.63000000e+02  6.90251043e-01  7.31303196e-04 
 1.00000000e+00  2.64000000e+02  7.19526285e-01 -1.02106697e-03 
 1.00000000e+00  2.65000000e+02  6.86529455e-01 -1.74119255e-04 
 1.00000000e+00  2.66000000e+02  6.91221098e-01  2.82676960e-03 
 1.00000000e+00  2.67000000e+02  7.11760253e-01 -3.57968060e-04 
 1.00000000e+00  2.68000000e+02  7.14569589e-01  1.70711203e-03 
 1.00000000e+00  2.69000000e+02  7.04846796e-01 -2.56071587e-04 
 1.00000000e+00  2.70000000e+02  7.06023901e-01  7.78185875e-04 
 1.00000000e+00  2.71000000e+02  6.93539882e-01  1.42400514e-04 
 1.00000000e+00  2.72000000e+02  6.98016353e-01 -2.69632305e-04 
 1.00000000e+00  2.73000000e+02  6.85166161e-01  1.17428313e-03 
 1.00000000e+00  2.74000000e+02  6.85088651e-01  8.88333448e-04 
 1.00000000e+00  2.75000000e+02  6.50072869e-01  2.13917941e-03 
 1.00000000e+00  2.76000000e+02  7.28651436e-01 -1.92840230e-03 
 1.00000000e+00  2.77000000e+02  6.74769964e-01 -7.99192880e-05 
 1.00000000e+00  2.78000000e+02  7.13969713e-01 -2.94549351e-03 
 1.00000000e+00  2.79000000e+02  7.00580149e-01  1.46116618e-03 
 1.00000000e+00  2.80000000e+02  7.06403050e-01 -1.97022592e-04 
 1.00000000e+00  2.81000000e+02  7.25940903e-01  3.94864935e-03 
 1.00000000e+00  2.82000000e+02  7.05100669e-01  5.89213830e-04 
 1.00000000e+00  2.83000000e+02  6.77450181e-01 -2.15837665e-03 
 1.00000000e+00  2.84000000e+02  7.06388836e-01 -4.91481081e-04 
 1.00000000e+00  2.85000000e+02  6.76145379e-01 -1.70488641e-03 
 1.00000000e+00  2.86000000e+02  7.39583584e-01  9.93418741e-04 
 1.00000000e+00  2.87000000e+02  7.11552581e-01  2.13235441e-03 
 1.00000000e+00  2.88000000e+02  6.78355683e-01  3.68477554e-03 
 1.00000000e+00  2.89000000e+02  6.74717511e-01  8.79979760e-04 
 1.00000000e+00  2.90000000e+02  6.86465793e-01 -8.73891534e-04 
 1.00000000e+00  2.91000000e+02  7.05380560e-01  2.70330530e-03 
 1.00000000e+00  2.92000000e+02  6.98223335e-01  1.04054180e-03 
 1.00000000e+00  2.93000000e+02  7.07989057e-01  1.58716714e-03 
 1.00000000e+00  2.94000000e+02  6.86545896e-01  6.05778696e-04 
 1.00000000e+00  2.95000000e+02  7.07710171e-01 -8.58094934e-04 
 1.00000000e+00  2.96000000e+02  6.81833330e-01  1.98771951e-04 
 1.00000000e+00  2.97000000e+02  6.80241725e-01 -2.22334544e-04 
 1.00000000e+00  2.98000000e+02  6.92466246e-01  2.38947381e-04 
 1.00000000e+00  2.99000000e+02  7.00740514e-01  9.54275522e-04 
 1.00000000e+00  3.00000000e+02  7.09971005e-01 -1.61573166e-03 
 1.00000000e+00  3.01000000e+02  6.83702929e-01 -1.10661534e-03 
 1.00000000e+00  3.02000000e+02  7.00669844e-01 -1.25146905e-03 
 1.00000000e+00  3.03000000e+02  6.93230286e-01 -4.18682460e-04 
 1.00000000e+00  3.04000000e+02  7.18829780e-01  1.89241356e-03 
 1.00000000e+00  3.05000000e+02  6.90914667e-01  4.55094475e-04 
 1.00000000e+00  3.06000000e+02  6.94029065e-01  6.23734130e-04 
 1.00000000e+00  3.07000000e+02  6.95964462e-01  2.29891780e-04 
 1.00000000e+00  3.08000000e+02  6.83747696e-01 -2.24413301e-04 
 1.00000000e+00  3.09000000e+02  7.22447825e-01 -3.74410817e-04 
 1.00000000e+00  3.10000000e+02  7.10919293e-01 -1.59660015e-03 
 1.00000000e+00  3.11000000e+02  7.18661673e-01  2.40340660e-04 
 1.00000000e+00  3.12000000e+02  7.16102694e-01 -1.67634926e-03 
 1.00000000e+00  3.13000000e+02  7.29816930e-01 -2.74261164e-03 
 1.00000000e+00  3.14000000e+02  6.96750115e-01  2.10760108e-03 
 1.00000000e+00  3.15000000e+02  7.11270561e-01 -4.77084889e-03 
 1.00000000e+00  3.16000000e+02  7.31449887e-01  8.75819962e-04 
 1.00000000e+00  3.17000000e+02  6.91501630e-01  3.80267110e-05 
 1.00000000e+00  3.18000000e+02  7.00107745e-01 -3.54773645e-03 
 1.00000000e+00  3.19000000e+02  6.95880461e-01  1.18180456e-03 
 1.00000000e+00  3.20000000e+02  6.79088099e-01 -3.42698213e-03 
 1.00000000e+00  3.21000000e+02  7.24084552e-01 -5.00694164e-04 
 1.00000000e+00  3.22000000e+02  7.10991806e-01  4.29690282e-04 
 1.00000000e+00  3.23000000e+02  7.12313561e-01 -7.02105764e-04 
 1.00000000e+00  3.24000000e+02  6.96843699e-01  1.79822851e-04 
 1.00000000e+00  3.25000000e+02  6.83914240e-01  2.21440119e-03 
 1.00000000e+00  3.26000000e+02  6.97261181e-01  1.14750341e-03 
 1.00000000e+00  3.27000000e+02  6.72268279e-01 -4.11653073e-03 
 1.00000000e+00  3.28000000e+02  7.12048944e-01  3.79853602e-04 
 1.00000000e+00  3.29000000e+02  6.67370842e-01  2.11235465e-04 
 1.00000000e+00  3.30000000e+02  7.16135916e-01 -2.59406444e-04 
 1.00000000e+00  3.31000000e+02  7.13112363e-01  4.61482704e-06 
 1.00000000e+00  3.32000000e+02  7.09439095e-01 -1.98957909e-03 
 1.00000000e+00  3.33000000e+02  7.00336896e-01 -3.66722371e-03 
 1.00000000e+00  3.34000000e+02  6.95980473e-01 -2.24965185e-03 
 1.00000000e+00  3.35000000e+02  6.92971061e-01  2.37257172e-03 
 1.00000000e+00  3.36000000e+02  6.79097590e-01 -1.55493236e-03 
 1.00000000e+00  3.37000000e+02  6.88134346e-01 -9.15902464e-04 
 1.00000000e+00  3.38000000e+02  6.91590438e-01 -2.86048149e-03 
 1.00000000e+00  3.39000000e+02  7.17759102e-01  1.50253410e-03 
 1.00000000e+00  3.40000000e+02  6.96589211e-01  5.93735496e-04 
 1.00000000e+00  3.41000000e+02  7.21140573e-01  3.21072276e-03 
 1.00000000e+00  3.42000000e+02  7.13464188e-01  3.94102270e-03 
 1.00000000e+00  3.43000000e+02  7.00739788e-01 -6.71231200e-04 
 1.00000000e+00  3.44000000e+02  7.09234802e-01  8.35468620e-04 
 1.00000000e+00  3.45000000e+02  6.81357181e-01  2.36563618e-04 
 1.00000000e+00  3.46000000e+02  6.95164373e-01  2.41040573e-03 
 1.00000000e+00  3.47000000e+02  7.36805180e-01 -8.71422625e-04 
 1.00000000e+00  3.48000000e+02  7.14742437e-01  4.95946982e-05 
 1.00000000e+00  3.49000000e+02  7.11037800e-01  1.84407480e-03 
 1.00000000e+00  3.50000000e+02  7.02944629e-01 -2.68829110e-03 
 1.00000000e+00  3.51000000e+02  6.76930813e-01  6.24362571e-04 
 1.00000000e+00  3.52000000e+02  6.90959736e-01  7.25995502e-04 
 1.00000000e+00  3.53000000e+02  6.85317973e-01  2.67618555e-03 
 1.00000000e+00  3.54000000e+02  7.10322995e-01  4.61617403e-04 
 1.00000000e+00  3.55000000e+02  6.96550954e-01 -1.05854509e-04 
 1.00000000e+00  3.56000000e+02  6.97252558e-01 -5.04384865e-04 
 1.00000000e+00  3.57000000e+02  6.72354869e-01 -9.90687399e-04 
 1.00000000e+00  3.58000000e+02  7.18666969e-01  8.29309354e-04 
 1.00000000e+00  3.59000000e+02  6.92443396e-01  2.40972212e-03 
 1.00000000e+00  3.60000000e+02  7.04408277e-01  2.07183093e-03 
 1.00000000e+00  3.61000000e+02  6.85875760e-01 -2.31349087e-03 
 1.00000000e+00  3.62000000e+02  7.24227466e-01 -4.59124293e-04 
 1.00000000e+00  3.63000000e+02  6.99066872e-01  2.20350201e-03 
 1.00000000e+00  3.64000000e+02  6.97723730e-01  3.60717566e-03 
 1.00000000e+00  3.65000000e+02  6.97286435e-01 -2.85248521e-04 
 1.00000000e+00  3.66000000e+02  6.93855877e-01 -1.71192651e-03 
 1.00000000e+00  3.67000000e+02  6.87713210e-01  1.83790290e-03 
 1.00000000e+00  3.68000000e+02  7.13159040e-01  6.55235474e-04 
 1.00000000e+00  3.69000000e+02  6.82283449e-01  2.21241441e-05 
 1.00000000e+00  3.70000000e+02  6.73867850e-01  1.01420506e-03 
 1.00000000e+00  3.71000000e+02  7.12068944e-01  1.14913255e-04 
 1.00000000e+00  3.72000000e+02  6.93717846e-01 -1.71306411e-03 
 1.00000000e+00  3.73000000e+02  7.02142561e-01 -5.77773876e-04 
 1.00000000e+00  3.74000000e+02  6.96072047e-01  5.20031975e-03 
 1.00000000e+00  3.75000000e+02  7.16793905e-01  3.37247166e-03 
 1.00000000e+00  3.76000000e+02  6.99280204e-01  3.38968893e-03 
 1.00000000e+00  3.77000000e+02  7.05334436e-01 -4.33649615e-04 
 1.00000000e+00  3.78000000e+02  6.94112243e-01 -1.36916643e-03 
 1.00000000e+00  3.79000000e+02  7.06507498e-01 -7.16065367e-04 
 1.00000000e+00  3.80000000e+02  7.12767637e-01  1.37230334e-03 
 1.00000000e+00  3.81000000e+02  7.02060620e-01 -9.76150362e-04 
 1.00000000e+00  3.82000000e+02  6.75128301e-01 -2.05889221e-03 
 1.00000000e+00  3.83000000e+02  6.94559698e-01 -2.50438680e-03 
 1.00000000e+00  3.84000000e+02  7.26487892e-01 -1.25210594e-03 
 1.00000000e+00  3.85000000e+02  6.99681548e-01  5.05650062e-04 
 1.00000000e+00  3.86000000e+02  7.27117160e-01  8.55608005e-04 
 1.00000000e+00  3.87000000e+02  7.23597150e-01 -1.21544739e-03 
 1.00000000e+00  3.88000000e+02  6.52806756e-01 -7.92423890e-05 
 1.00000000e+00  3.89000000e+02  7.14443116e-01  1.86049998e-03 
 1.00000000e+00  3.90000000e+02  7.16020066e-01 -3.07267486e-03 
 1.00000000e+00  3.91000000e+02  7.40452030e-01 -4.09836197e-03 
 1.00000000e+00  3.92000000e+02  7.29614872e-01 -2.06143296e-03 
 1.00000000e+00  3.93000000e+02  7.01074980e-01  1.46064559e-03 
 1.00000000e+00  3.94000000e+02  7.19584266e-01  3.04498856e-03 
 1.00000000e+00  3.95000000e+02  7.21967799e-01 -1.26577941e-03 
 1.00000000e+00  3.96000000e+02  7.18192233e-01  1.46915368e-03 
 1.00000000e+00  3.97000000e+02  6.83542167e-01  1.62343856e-04 
 1.00000000e+00  3.98000000e+02  7.00865534e-01 -8.86379420e-04 
 1.00000000e+00  3.99000000e+02  6.69857969e-01  2.02419818e-03 
 1.00000000e+00  4.00000000e+02  7.12548585e-01  8.08167486e-04 
 1.00000000e+00  4.01000000e+02  7.10786627e-01 -8.89326117e-04 
 1.00000000e+00  4.02000000e+02  6.93394291e-01  6.43044708e-04 
 1.00000000e+00  4.03000000e+02  6.82218927e-01 -2.26680513e-03 
 1.00000000e+00  4.04000000e+02  7.03241327e-01 -6.73717305e-04 
 1.00000000e+00  4.05000000e+02  7.06678703e-01 -3.61052574e-03 
 1.00000000e+00  4.06000000e+02  6.91496080e-01  2.90709581e-03 
 1.00000000e+00  4.07000000e+02  7.08236422e-01  3.55436544e-04 
 1.00000000e+00  4.08000000e+02  6.89761985e-01 -1.17738437e-03 
 1.00000000e+00  4.09000000e+02  6.97728586e-01  3.47558028e-03 
 1.00000000e+00  4.10000000e+02  6.93461386e-01  4.09129985e-03 
 1.00000000e+00  4.11000000e+02  6.93286009e-01  1.89257175e-03 
 1.00000000e+00  4.12000000e+02  6.79769779e-01 -2.48072375e-03 
 1.00000000e+00  4.13000000e+02  6.89670834e-01  6.45466476e-04 
 1.00000000e+00  4.14000000e+02  6.64100994e-01 -5.89199948e-04 
 1.00000000e+00  4.15000000e+02  7.20234304e-01  4.83560033e-04 
 1.00000000e+00  4.16000000e+02  6.60163437e-01 -8.23143809e-04 
 1.00000000e+00  4.17000000e+02  6.48323053e-01 -4.70264855e-05 
 1.00000000e+00  4.18000000e+02  7.04286550e-01 -2.84187925e-03 
 1.00000000e+00  4.19000000e+02  6.87929041e-01 -1.15760415e-03 
 1.00000000e+00  4.20000000e+02  7.31676833e-01  2.84687387e-03 
 1.00000000e+00  4.21000000e+02  7.19983225e-01  9.65007204e-04 
 1.00000000e+00  4.22000000e+02  6.69393530e-01 -2.59969566e-04 
 1.00000000e+00  4.23000000e+02  6.97830106e-01 -2.75252983e-04 
 1.00000000e+00  4.24000000e+02  6.55204175e-01 -1.17476678e-03 
 1.00000000e+00  4.25000000e+02  6.97308523e-01 -3.16514975e-04 
 1.00000000e+00  4.26000000e+02  7.18323426e-01 -1.57029095e-03 
 1.00000000e+00  4.27000000e+02  6.85744458e-01 -1.04966384e-04 
 1.00000000e+00  4.28000000e+02  7.09543927e-01  6.55548872e-03 
 1.00000000e+00  4.29000000e+02  6.88609157e-01 -2.04405359e-03 
 1.00000000e+00  4.30000000e+02  7.06033353e-01  1.13229000e-03 
 1.00000000e+00  4.31000000e+02  7.09025008e-01 -5.38857837e-04 
 1.00000000e+00  4.32000000e+02  6.84344627e-01 -1.61256334e-03 
 1.00000000e+00  4.33000000e+02  7.02976810e-01 -1.92411817e-03 
 1.00000000e+00  4.34000000e+02  7.07067742e-01 -2.56836753e-03 
 1.00000000e+00  4.35000000e+02  6.83403424e-01 -2.36734348e-04 
 1.00000000e+00  4.36000000e+02  6.91918583e-01 -1.22220002e-03 
 1.00000000e+00  4.37000000e+02  7.12004522e-01  1.58662561e-03 
 1.00000000e+00  4.38000000e+02  7.04209720e-01 -5.40300135e-04 
 1.00000000e+00  4.39000000e+02  6.94312744e-01  8.84424768e-04 
 1.00000000e+00  4.40000000e+02  7.22100363e-01  2.32619453e-03 
 1.00000000e+00  4.41000000e+02  7.04594522e-01  1.38816946e-03 
 1.00000000e+00  4.42000000e+02  6.88010804e-01 -3.47383799e-03 
 1.00000000e+00  4.43000000e+02  7.28894531e-01  4.78247053e-03 
 1.00000000e+00  4.44000000e+02  7.24516483e-01  1.73582155e-04 
 1.00000000e+00  4.45000000e+02  7.14848388e-01  1.56186230e-03 
 1.00000000e+00  4.46000000e+02  7.24800754e-01 -3.06293166e-04 
 1.00000000e+00  4.47000000e+02  7.31127732e-01  4.28957601e-03 
 1.00000000e+00  4.48000000e+02  6.92736863e-01  2.30386889e-03 
 1.00000000e+00  4.49000000e+02  7.04856278e-01  4.99443068e-04 
 1.00000000e+00  4.50000000e+02  6.96582112e-01 -1.79090343e-04 
 1.00000000e+00  4.51000000e+02  6.96889252e-01  1.85506983e-03 
 1.00000000e+00  4.52000000e+02  7.48384940e-01  1.91751448e-03 
 1.00000000e+00  4.53000000e+02  6.93405520e-01 -1.20002075e-03 
 1.00000000e+00  4.54000000e+02  7.29866923e-01 -1.62414415e-04 
 1.00000000e+00  4.55000000e+02  7.33170614e-01 -6.81315463e-04 
 1.00000000e+00  4.56000000e+02  7.01758234e-01 -4.75184950e-03 
 1.00000000e+00  4.57000000e+02  6.96268035e-01 -4.77351693e-03 
 1.00000000e+00  4.58000000e+02  7.14123966e-01  1.03405356e-03 
 1.00000000e+00  4.59000000e+02  7.03575858e-01  2.74103257e-03 
 1.00000000e+00  4.60000000e+02  6.94167146e-01 -7.86397760e-04 
 1.00000000e+00  4.61000000e+02  7.36763008e-01 -2.98070411e-03 
 1.00000000e+00  4.62000000e+02  7.14018038e-01 -9.49120612e-04 
 1.00000000e+00  4.63000000e+02  7.10413386e-01  1.76179582e-03 
 1.00000000e+00  4.64000000e+02  6.88412747e-01  3.15531667e-03 
 1.00000000e+00  4.65000000e+02  6.96585910e-01  1.78239628e-03 
 1.00000000e+00  4.66000000e+02  7.08338135e-01  2.00142652e-03 
 1.00000000e+00  4.67000000e+02  7.10458136e-01  2.27792208e-03 
 1.00000000e+00  4.68000000e+02  6.90300925e-01  1.34090338e-04 
 1.00000000e+00  4.69000000e+02  7.28048753e-01  6.12416953e-04 
 1.00000000e+00  4.70000000e+02  7.10404856e-01 -3.49340334e-04 
 1.00000000e+00  4.71000000e+02  6.84443166e-01  3.69929316e-03 
 1.00000000e+00  4.72000000e+02  6.91185969e-01 -8.56938996e-04 
 1.00000000e+00  4.73000000e+02  6.67881509e-01 -2.36209238e-03 
 1.00000000e+00  4.74000000e+02  7.16986589e-01  2.08760308e-03 
 1.00000000e+00  4.75000000e+02  7.02925502e-01 -5.23877999e-04 
 1.00000000e+00  4.76000000e+02  7.14161705e-01 -1.55788972e-03 
 1.00000000e+00  4.77000000e+02  6.77295221e-01 -2.03180598e-03 
 1.00000000e+00  4.78000000e+02  6.98104846e-01  2.59125630e-03 
 1.00000000e+00  4.79000000e+02  7.16729730e-01 -8.69877380e-04 
 1.00000000e+00  4.80000000e+02  6.77281601e-01 -1.18212177e-03 
 1.00000000e+00  4.81000000e+02  7.12856334e-01  1.28309185e-03 
 1.00000000e+00  4.82000000e+02  6.97965173e-01  3.07919856e-03 
 1.00000000e+00  4.83000000e+02  6.80280337e-01  1.80038426e-03 
 1.00000000e+00  4.84000000e+02  7.14047305e-01  5.64411699e-04 
 1.00000000e+00  4.85000000e+02  6.81115827e-01  2.37729537e-03 
 1.00000000e+00  4.86000000e+02  7.15425134e-01 -2.59232003e-03 
 1.00000000e+00  4.87000000e+02  7.24114666e-01 -4.47603086e-04 
 1.00000000e+00  4.88000000e+02  7.21795561e-01  9.29913711e-04 
 1.00000000e+00  4.89000000e+02  7.32163212e-01  2.41128942e-03 
 1.00000000e+00  4.90000000e+02  6.98477551e-01 -3.36631153e-03 
 1.00000000e+00  4.91000000e+02  6.93304206e-01  1.19257601e-03 
 1.00000000e+00  4.92000000e+02  6.75964357e-01  1.34398567e-03 
 1.00000000e+00  4.93000000e+02  6.89323684e-01 -2.24149599e-03 
 1.00000000e+00  4.94000000e+02  7.03757467e-01 -3.10620558e-03 
 1.00000000e+00  4.95000000e+02  7.20346315e-01  2.58138205e-03 
 1.00000000e+00  4.96000000e+02  7.09493886e-01 -1.16568090e-04 
 1.00000000e+00  4.97000000e+02  7.03646056e-01  1.20323950e-03 
 1.00000000e+00  4.98000000e+02  6.83118990e-01 -2.06865050e-03 
 1.00000000e+00  4.99000000e+02  7.13730904e-01  6.92519331e-04 
 1.00000000e+00  5.00000000e+02  6.82181012e-01 -3.48401640e-04 
 1.00000000e+00  5.01000000e+02  7.23984782e-01  1.83400205e-03 
 1.00000000e+00  5.02000000e+02  7.13186484e-01 -2.08198029e-03 
 1.00000000e+00  5.03000000e+02  7.27850967e-01 -3.53607609e-03 
 1.00000000e+00  5.04000000e+02  7.10895587e-01 -4.12537492e-03 
 1.00000000e+00  5.05000000e+02  6.86853128e-01 -4.33315862e-05 
 1.00000000e+00  5.06000000e+02  6.92075627e-01  3.76539294e-05 
 1.00000000e+00  5.07000000e+02  7.07686354e-01  2.87735399e-03 
 1.00000000e+00  5.08000000e+02  7.19840400e-01  1.88777359e-03 
 1.00000000e+00  5.09000000e+02  7.18008187e-01  3.86276003e-03 
 1.00000000e+00  5.10000000e+02  7.34925873e-01  1.12268179e-03 
 1.00000000e+00  5.11000000e+02  7.19347281e-01 -9.44436456e-04 
 1.00000000e+00  5.12000000e+02  6.92437681e-01  2.76628175e-03 
 1.00000000e+00  5.13000000e+02  6.58307453e-01  1.26068656e-03 
 1.00000000e+00  5.14000000e+02  7.09190310e-01 -6.11831702e-04 
 1.00000000e+00  5.15000000e+02  6.78408118e-01  6.14157458e-04 
 1.00000000e+00  5.16000000e+02  6.76993596e-01 -8.61534390e-05 
 1.00000000e+00  5.17000000e+02  7.31699435e-01 -1.27124625e-03 
 1.00000000e+00  5.18000000e+02  6.95526213e-01 -7.22729148e-04 
 1.00000000e+00  5.19000000e+02  7.06501194e-01 -6.95044949e-04 
 1.00000000e+00  5.20000000e+02  7.26728623e-01  2.38333269e-03 
 1.00000000e+00  5.21000000e+02  6.89639264e-01  3.36361862e-03 
 1.00000000e+00  5.22000000e+02  7.21481459e-01 -2.04571573e-03 
 1.00000000e+00  5.23000000e+02  6.92340082e-01  6.40848419e-04 
 1.00000000e+00  5.24000000e+02  7.03201257e-01  3.55240720e-04 
 1.00000000e+00  5.25000000e+02  6.96122502e-01 -1.05370228e-03 
 1.00000000e+00  5.26000000e+02  6.95268281e-01  6.65699850e-04 
 1.00000000e+00  5.27000000e+02  7.03380508e-01 -2.05090834e-03 
 1.00000000e+00  5.28000000e+02  6.93736112e-01  3.71303231e-04 
 1.00000000e+00  5.29000000e+02  7.02457867e-01  5.24676889e-04 
 1.00000000e+00  5.30000000e+02  6.72238390e-01  5.35243161e-04 
 1.00000000e+00  5.31000000e+02  7.25664964e-01  2.09488521e-03 
 1.00000000e+00  5.32000000e+02  7.19413510e-01 -5.11505149e-03 
 1.00000000e+00  5.33000000e+02  7.48306054e-01  1.48246993e-03 
 1.00000000e+00  5.34000000e+02  6.91747128e-01  4.78232582e-04 
 1.00000000e+00  5.35000000e+02  7.28677534e-01  2.25476731e-03 
 1.00000000e+00  5.36000000e+02  7.07954208e-01  1.05131628e-03 
 1.00000000e+00  5.37000000e+02  7.25512308e-01 -1.41219838e-03 
 1.00000000e+00  5.38000000e+02  6.91616871e-01  7.59995201e-05 
 1.00000000e+00  5.39000000e+02  6.80941202e-01 -4.78417053e-04 
 1.00000000e+00  5.40000000e+02  7.38949773e-01  4.94092497e-05 
 1.00000000e+00  5.41000000e+02  6.97826599e-01  1.22883709e-03 
 1.00000000e+00  5.42000000e+02  7.15471150e-01  3.51746770e-03 
 1.00000000e+00  5.43000000e+02  7.12863192e-01  6.75797138e-04 
 1.00000000e+00  5.44000000e+02  6.90798745e-01  6.20992181e-05 
 1.00000000e+00  5.45000000e+02  6.90041886e-01  1.49920832e-03 
 1.00000000e+00  5.46000000e+02  7.17507872e-01 -3.54538049e-03 
 1.00000000e+00  5.47000000e+02  7.24537019e-01  2.48642839e-03 
 1.00000000e+00  5.48000000e+02  7.13390260e-01 -7.66059250e-04 
 1.00000000e+00  5.49000000e+02  7.17113703e-01 -1.35043030e-03 
 1.00000000e+00  5.50000000e+02  6.80057973e-01 -1.78352715e-04 
 1.00000000e+00  5.51000000e+02  6.97796649e-01 -3.19879178e-03 
 1.00000000e+00  5.52000000e+02  7.23568637e-01 -4.20001794e-03 
 1.00000000e+00  5.53000000e+02  7.14718806e-01  1.70418226e-03 
 1.00000000e+00  5.54000000e+02  7.21687637e-01  1.41037745e-04 
 1.00000000e+00  5.55000000e+02  6.91564017e-01  2.71125655e-03 
 1.00000000e+00  5.56000000e+02  7.03189335e-01 -2.21941095e-03 
 1.00000000e+00  5.57000000e+02  7.56005137e-01 -7.19725932e-05 
 1.00000000e+00  5.58000000e+02  6.89848915e-01 -9.69916240e-04 
 1.00000000e+00  5.59000000e+02  7.12695690e-01 -1.58271165e-03 
 1.00000000e+00  5.60000000e+02  6.94840823e-01 -2.62379624e-03 
 1.00000000e+00  5.61000000e+02  6.78927112e-01 -4.75048933e-04 
 1.00000000e+00  5.62000000e+02  6.95785956e-01  3.50075954e-03 
 1.00000000e+00  5.63000000e+02  7.16668004e-01  2.68967255e-03 
 1.00000000e+00  5.64000000e+02  7.20236401e-01 -2.41571125e-03 
 1.00000000e+00  5.65000000e+02  7.02712061e-01 -1.40101059e-03 
 1.00000000e+00  5.66000000e+02  6.63899060e-01 -1.55886428e-03 
 1.00000000e+00  5.67000000e+02  6.87051332e-01 -1.25564649e-03 
 1.00000000e+00  5.68000000e+02  6.92642366e-01 -3.07852246e-03 
 1.00000000e+00  5.69000000e+02  7.17342319e-01  3.36503472e-04 
 1.00000000e+00  5.70000000e+02  7.12061990e-01  2.54700126e-03 
 1.00000000e+00  5.71000000e+02  6.88106569e-01  2.18882909e-03 
 1.00000000e+00  5.72000000e+02  7.21899122e-01 -5.12236069e-03 
 1.00000000e+00  5.73000000e+02  6.87845550e-01 -1.53431999e-03 
 1.00000000e+00  5.74000000e+02  6.92942047e-01  1.65042007e-03 
 1.00000000e+00  5.75000000e+02  7.01309665e-01  3.41413565e-03 
 1.00000000e+00  5.76000000e+02  7.34406212e-01  1.35499709e-03 
 1.00000000e+00  5.77000000e+02  6.86707063e-01 -4.25658469e-03 
 1.00000000e+00  5.78000000e+02  7.02386963e-01  8.43032060e-04 
 1.00000000e+00  5.79000000e+02  7.23508144e-01 -1.45949954e-03 
 1.00000000e+00  5.80000000e+02  6.93248612e-01  2.09315445e-03 
 1.00000000e+00  5.81000000e+02  7.01537848e-01 -1.23416361e-03 
 1.00000000e+00  5.82000000e+02  7.29947842e-01  2.72575522e-05 
 1.00000000e+00  5.83000000e+02  6.92452051e-01  3.32198552e-03 
 1.00000000e+00  5.84000000e+02  6.91979110e-01 -1.32926849e-04 
 1.00000000e+00  5.85000000e+02  7.09894054e-01  1.89793556e-03 
 1.00000000e+00  5.86000000e+02  6.94421076e-01  3.65814840e-03 
 1.00000000e+00  5.87000000e+02  7.40269311e-01 -4.95401548e-04 
 1.00000000e+00  5.88000000e+02  6.95936544e-01 -2.55671348e-03 
 1.00000000e+00  5.89000000e+02  7.07084249e-01  2.20947769e-04 
 1.00000000e+00  5.90000000e+02  6.99199320e-01 -5.02413779e-03 
 1.00000000e+00  5.91000000e+02  6.93767188e-01 -5.95694363e-03 
 1.00000000e+00  5.92000000e+02  7.01710845e-01  1.39717730e-03 
 1.00000000e+00  5.93000000e+02  7.14421933e-01  3.83864466e-03 
 1.00000000e+00  5.94000000e+02  6.79483656e-01 -2.49867955e-03 
 1.00000000e+00  5.95000000e+02  6.94435024e-01  4.58287546e-03 
 1.00000000e+00  5.96000000e+02  6.74274609e-01 -6.65769676e-04 
 1.00000000e+00  5.97000000e+02  6.89737340e-01  1.80869509e-03 
 1.00000000e+00  5.98000000e+02  6.96991190e-01  1.49351638e-03 
 1.00000000e+00  5.99000000e+02  7.01785967e-01 -9.04495631e-04 
 1.00000000e+00  6.00000000e+02  6.88591675e-01  7.50391693e-04 
 1.00000000e+00  6.01000000e+02  7.01120544e-01  8.98841270e-05 
 1.00000000e+00  6.02000000e+02  7.14555195e-01  3.48550286e-03 
 1.00000000e+00  6.03000000e+02  6.61943442e-01  1.38170701e-03 
 1.00000000e+00  6.04000000e+02  6.94986616e-01 -1.43759159e-03 
 1.00000000e+00  6.05000000e+02  6.85413641e-01 -1.01930544e-03 
 1.00000000e+00  6.06000000e+02  6.85216221e-01 -1.61725886e-03 
 1.00000000e+00  6.07000000e+02  6.91498351e-01  9.18697817e-04 
 1.00000000e+00  6.08000000e+02  6.96224010e-01  1.95668685e-03 
 1.00000000e+00  6.09000000e+02  6.67982500e-01  1.35617649e-03 
 1.00000000e+00  6.10000000e+02  7.06653793e-01 -3.57043440e-04 
 1.00000000e+00  6.11000000e+02  6.93112932e-01 -4.43391991e-04 
 1.00000000e+00  6.12000000e+02  6.96276679e-01 -2.42300341e-04 
 1.00000000e+00  6.13000000e+02  6.84067583e-01 -1.31101006e-04 
 1.00000000e+00  6.14000000e+02  7.36914629e-01 -1.44952544e-03 
 1.00000000e+00  6.15000000e+02  6.86181108e-01  1.20139705e-03 
 1.00000000e+00  6.16000000e+02  6.85540025e-01 -4.80122548e-04 
 1.00000000e+00  6.17000000e+02  4.97891309e-02  1.65627687e+00 
 1.00000000e+00  6.18000000e+02  6.94904302e-01 -1.77912569e-03 
 1.00000000e+00  6.19000000e+02  6.92712914e-01  9.06436383e-04 
 1.00000000e+00  6.20000000e+02  6.79373452e-01  9.57764872e-04 
 1.00000000e+00  6.21000000e+02  6.98263131e-01 -2.20848913e-04 
 1.00000000e+00  6.22000000e+02  7.18068385e-01 -1.30502246e-03 
 1.00000000e+00  6.23000000e+02  7.19625423e-01 -2.52380636e-04 
 1.00000000e+00  6.24000000e+02  7.07900779e-01  1.95711021e-03 
 1.00000000e+00  6.25000000e+02  6.91542966e-01 -1.69974939e-04 
 1.00000000e+00  6.26000000e+02  6.95805962e-01  6.26899817e-04 
 1.00000000e+00  6.27000000e+02  6.72258101e-01  1.86501781e-03 
 1.00000000e+00  6.28000000e+02  6.70133522e-01 -1.54735936e-03 
 1.00000000e+00  6.29000000e+02  7.00096458e-01 -1.23771216e-04 
 1.00000000e+00  6.30000000e+02  6.69441309e-01  5.92304634e-04 
 1.00000000e+00  6.31000000e+02  7.15533494e-01 -1.37670150e-03 
 1.00000000e+00  6.32000000e+02  7.20068713e-01 -4.97116720e-04 
 1.00000000e+00  6.33000000e+02  6.91381327e-01  2.61100118e-03 
 1.00000000e+00  6.34000000e+02  7.25808427e-01  3.31335023e-03 
 1.00000000e+00  6.35000000e+02  7.13878710e-01  2.16850104e-03 
 1.00000000e+00  6.36000000e+02  7.06403320e-01  2.92550326e-03 
 1.00000000e+00  6.37000000e+02  7.10720203e-01  6.59959318e-03 
 1.00000000e+00  6.38000000e+02  6.92233607e-01  1.51509249e-03 
 1.00000000e+00  6.39000000e+02  6.98224616e-01 -2.07659294e-04 
 1.00000000e+00  6.40000000e+02  7.23012930e-01 -3.78877271e-03 
 1.00000000e+00  6.41000000e+02  6.82703127e-01 -2.14655765e-03 
 1.00000000e+00  6.42000000e+02 -7.50166188e-01 -5.22660388e-01 
 1.00000000e+00  6.43000000e+02  6.92112209e-01  1.68348233e-03 
 1.00000000e+00  6.44000000e+02  6.73750921e-01 -4.53700383e-03 
 1.00000000e+00  6.45000000e+02  7.28326190e-01  1.78321276e-03 
 1.00000000e+00  6.46000000e+02  7.01265646e-01 -8.87569355e-04 
 1.00000000e+00  6.47000000e+02  6.94257534e-01  1.54972750e-03 
 1.00000000e+00  6.48000000e+02  7.08698744e-01  1.80643665e-03 
 1.00000000e+00  6.49000000e+02  7.15778763e-01  2.81971437e-03 
 1.00000000e+00  6.50000000e+02  7.24144228e-01 -6.33329680e-03 
 1.00000000e+00  6.51000000e+02  7.13533537e-01  1.39351375e-03 
 1.00000000e+00  6.52000000e+02  6.92336495e-01 -2.84109080e-03 
 1.00000000e+00  6.53000000e+02  7.01844614e-01 -2.02908595e-04 
 1.00000000e+00  6.54000000e+02  7.10847642e-01 -2.07413622e-04 
 1.00000000e+00  6.55000000e+02  6.82105167e-01 -2.08888285e-03 
 1.00000000e+00  6.56000000e+02  6.87861944e-01  6.44772373e-04 
 1.00000000e+00  6.57000000e+02  6.89756136e-01  1.90888710e-03 
 1.00000000e+00  6.58000000e+02  7.04241036e-01 -3.66601641e-03 
 1.00000000e+00  6.59000000e+02  7.01675998e-01  1.46910445e-03 
 1.00000000e+00  6.60000000e+02  6.73281098e-01  1.02994635e-03 
 1.00000000e+00  6.61000000e+02  6.93735954e-01 -3.50630731e-03 
 1.00000000e+00  6.62000000e+02  7.40909072e-01 -4.94214762e-03 
 1.00000000e+00  6.63000000e+02  7.19431893e-01 -9.31680519e-04 
 1.00000000e+00  6.64000000e+02  7.01822477e-01 -5.85558590e-04 
 1.00000000e+00  6.65000000e+02  4.82348672e-01 -3.04122178e-03 
 1.00000000e+00  6.66000000e+02  7.06491197e-01  6.40113502e-04 
 1.00000000e+00  6.67000000e+02  6.76517534e-01 -3.21621215e-04 
 1.00000000e+00  6.68000000e+02  7.07901915e-01  1.43973105e-03 
 1.00000000e+00  6.69000000e+02  7.03006272e-01  4.03968874e-04 
 1.00000000e+00  6.70000000e+02  6.85708129e-01  1.21991524e-03 
 1.00000000e+00  6.71000000e+02  7.05251244e-01 -1.00744171e-03 
 1.00000000e+00  6.72000000e+02  6.93064332e-01  3.87357854e-04 
 1.00000000e+00  6.73000000e+02  7.01888032e-01 -6.90766413e-04 
 1.00000000e+00  6.74000000e+02  7.25855612e-01  1.78397304e-03 
 1.00000000e+00  6.75000000e+02  6.74420507e-01 -3.37335084e-04 
 1.00000000e+00  6.76000000e+02  7.01694803e-01 -2.50440931e-03 
 1.00000000e+00  6.77000000e+02  6.98575806e-01  1.60736273e-04 
 1.00000000e+00  6.78000000e+02  7.12253328e-01  8.58492841e-04 
 1.00000000e+00  6.79000000e+02  6.73352295e-01  7.83558064e-04 
 1.00000000e+00  6.80000000e+02  6.79267176e-01  7.88938291e-04 
 1.00000000e+00  6.81000000e+02  6.90382655e-01  9.71460623e-04 
 1.00000000e+00  6.82000000e+02  7.59851190e-01  2.80487687e-03 
 1.00000000e+00  6.83000000e+02  7.42775419e-01  2.31298391e-03 
 1.00000000e+00  6.84000000e+02  6.96245625e-01  2.13898817e-03 
 1.00000000e+00  6.85000000e+02  7.02973087e-01  2.11485921e-03 
 1.00000000e+00  6.86000000e+02  6.84605376e-01 -1.50082396e-03 
 1.00000000e+00  6.87000000e+02  6.99267951e-01  3.19804623e-03 
 1.00000000e+00  6.88000000e+02  7.04888785e-01  2.55528307e-03 
 1.00000000e+00  6.89000000e+02  6.93801979e-01  1.67657434e-03 
 1.00000000e+00  6.90000000e+02  7.13680300e-01  1.85602385e-03 
 1.00000000e+00  6.91000000e+02  6.93377875e-01  1.24732011e-03 
 1.00000000e+00  6.92000000e+02  6.97628960e-01  2.85664838e-04 
 1.00000000e+00  6.93000000e+02  7.07895990e-01 -1.06232696e-03 
 1.00000000e+00  6.94000000e+02  7.25142657e-01  1.55836996e-03 
 1.00000000e+00  6.95000000e+02  6.73769069e-01 -1.41623003e-03 
 1.00000000e+00  6.96000000e+02  7.33168251e-01  4.10161313e-04 
 1.00000000e+00  6.97000000e+02  7.23580174e-01  3.11767719e-04 
 1.00000000e+00  6.98000000e+02  7.31945487e-01 -1.95701183e-03 
 1.00000000e+00  6.99000000e+02  6.86210045e-01 -3.19955175e-03 
 1.00000000e+00  7.00000000e+02  6.93395538e-01 -1.77827809e-03 
 1.00000000e+00  7.01000000e+02  6.96139088e-01 -1.14500302e-03 
 1.00000000e+00  7.02000000e+02  7.01757936e-01 -1.36213342e-03 
 1.00000000e+00  7.03000000e+02  6.83148327e-01 -2.36848284e-03 
 1.00000000e+00  7.04000000e+02  7.00198515e-01 -4.19266896e-04 
 1.00000000e+00  7.05000000e+02  7.53956376e-01  2.49270618e-03 
 1.00000000e+00  7.06000000e+02  6.87137657e-01  2.04981308e-03 
 1.00000000e+00  7.07000000e+02  7.12420675e-01  1.51649706e-03 
 1.00000000e+00  7.08000000e+02  7.10518857e-01 -6.35046598e-04 
 1.00000000e+00  7.09000000e+02  7.17726830e-01 -8.09476334e-04 
 1.00000000e+00  7.10000000e+02  6.77999087e-01 -2.41269989e-03 
 1.00000000e+00  7.11000000e+02  7.22376802e-01  2.01871662e-03 
 1.00000000e+00  7.12000000e+02 -7.50515783e-01 -5.19272438e-01 
 1.00000000e+00  7.13000000e+02  7.41982467e-01  1.16201861e-03 
 1.00000000e+00  7.14000000e+02  7.08024261e-01 -3.49443157e-04 
 1.00000000e+00  7.15000000e+02  6.92184029e-01 -1.22503237e-03 
 1.00000000e+00  7.16000000e+02  7.15044403e-01  5.81840442e-03 
 1.00000000e+00  7.17000000e+02  7.15042337e-01 -6.24188542e-05 
 1.00000000e+00  7.18000000e+02  7.14712893e-01 -4.00084493e-03 
 1.00000000e+00  7.19000000e+02  6.92120670e-01  2.97707223e-03 
 1.00000000e+00  7.20000000e+02  6.99103069e-01 -4.05846630e-03 
 1.00000000e+00  7.21000000e+02  6.90282622e-01 -1.57316628e-03 
 1.00000000e+00  7.22000000e+02  7.30906812e-01 -5.22343423e-03 
 1.00000000e+00  7.23000000e+02  6.78525098e-01 -2.19971080e-04 
 1.00000000e+00  7.24000000e+02  7.25062290e-01  3.06925294e-05 
 1.00000000e+00  7.25000000e+02  7.12080216e-01 -5.84961370e-04 
 1.00000000e+00  7.26000000e+02  7.09999838e-01  1.40235140e-03 
 1.00000000e+00  7.27000000e+02  7.19606022e-01 -3.94145419e-03 
 1.00000000e+00  7.28000000e+02  6.80688313e-01 -2.57762651e-03 
 1.00000000e+00  7.29000000e+02  7.14487944e-01  4.51188387e-03 
 1.00000000e+00  7.30000000e+02  6.94818391e-01 -8.81951178e-04 
 1.00000000e+00  7.31000000e+02  7.21613855e-01 -1.49362221e-03 
 1.00000000e+00  7.32000000e+02  7.11604554e-01  8.70537252e-04 
 1.00000000e+00  7.33000000e+02  6.95309664e-01  1.91296093e-03 
 1.00000000e+00  7.34000000e+02  7.09118109e-01 -3.38233148e-03 
 1.00000000e+00  7.35000000e+02  6.64047680e-01  4.20686603e-03 
 1.00000000e+00  7.36000000e+02  6.94186525e-01 -1.55561881e-04 
 1.00000000e+00  7.37000000e+02  7.20868507e-01  4.65998099e-04 
 1.00000000e+00  7.38000000e+02  6.98974700e-01 -5.91396291e-03 
 1.00000000e+00  7.39000000e+02  6.86353211e-01  2.59909405e-03 
 1.00000000e+00  7.40000000e+02  6.89886783e-01  1.09236484e-03 
 1.00000000e+00  7.41000000e+02  7.02569716e-01  2.87147072e-04 
 1.00000000e+00  7.42000000e+02  6.95125399e-01 -3.48359929e-04 
 1.00000000e+00  7.43000000e+02  6.86758565e-01 -1.98184056e-03 
 1.00000000e+00  7.44000000e+02  7.20261663e-01  4.13951411e-03 
 1.00000000e+00  7.45000000e+02  7.31828202e-01  4.65614807e-04 
 1.00000000e+00  7.46000000e+02  6.95296932e-01 -6.44935609e-04 
 1.00000000e+00  7.47000000e+02  7.07153079e-01 -1.13251779e-04 
 1.00000000e+00  7.48000000e+02  6.67529712e-01 -1.73160246e-03 
 1.00000000e+00  7.49000000e+02  6.72542573e-01  1.06980301e-03 
 1.00000000e+00  7.50000000e+02  6.91033492e-01  3.73843630e-03 
 1.00000000e+00  7.51000000e+02  6.94642151e-01  1.19701309e-04 
 1.00000000e+00  7.52000000e+02  7.15193665e-01 -4.38132200e-04 
 1.00000000e+00  7.53000000e+02  6.67117591e-01  1.18980165e-03 
 1.00000000e+00  7.54000000e+02  6.93530468e-01 -2.07925858e-03 
 1.00000000e+00  7.55000000e+02  7.06558512e-01 -1.06993509e-03 
 1.00000000e+00  7.56000000e+02  6.93795048e-01  1.99304866e-03 
 1.00000000e+00  7.57000000e+02  7.10793622e-01 -1.71398194e-03 
 1.00000000e+00  7.58000000e+02  6.87624999e-01  2.42815078e-05 
 1.00000000e+00  7.59000000e+02  7.09867664e-01  5.31436355e-04 
 1.00000000e+00  7.60000000e+02  6.83920245e-01  1.32295439e-03 
 1.00000000e+00  7.61000000e+02  6.88803884e-01  9.80329491e-04 
 1.00000000e+00  7.62000000e+02  7.16620393e-01  4.97371012e-04 
 1.00000000e+00  7.63000000e+02  7.17112278e-01 -2.97912229e-03 
 1.00000000e+00  7.64000000e+02  7.25228588e-01 -1.04882083e-03 
 1.00000000e+00  7.65000000e+02  7.04260965e-01  1.46030524e-03 
 1.00000000e+00  7.66000000e+02  6.97650112e-01 -1.71588381e-03 
 1.00000000e+00  7.67000000e+02  6.95625688e-01 -2.13727433e-03 
 1.00000000e+00  7.68000000e+02  7.13147842e-01 -4.38669025e-03 
 1.00000000e+00  7.69000000e+02  6.93695582e-01 -2.07513998e-04 
 1.00000000e+00  7.70000000e+02  7.18196322e-01  2.84699286e-03 
 1.00000000e+00  7.71000000e+02  7.19939253e-01  3.76562199e-04 
 1.00000000e+00  7.72000000e+02  7.09728620e-01  2.25468446e-03 
 1.00000000e+00  7.73000000e+02  7.18469619e-01  1.74086588e-03 
 1.00000000e+00  7.74000000e+02  7.00290631e-01 -4.00362845e-03 
 1.00000000e+00  7.75000000e+02  6.97975458e-01  4.41350991e-03 
 1.00000000e+00  7.76000000e+02  7.21902450e-01  2.30209331e-03 
 1.00000000e+00  7.77000000e+02  7.13765833e-01 -8.43002867e-04 
 1.00000000e+00  7.78000000e+02  7.01606187e-01 -2.13486765e-03 
 1.00000000e+00  7.79000000e+02  7.20123899e-01 -8.98223058e-04 
 1.00000000e+00  7.80000000e+02  7.17699594e-01 -4.46358656e-04 
 1.00000000e+00  7.81000000e+02  7.12672666e-01  1.79365164e-03 
 1.00000000e+00  7.82000000e+02  6.80852812e-01  1.99459585e-03 
 1.00000000e+00  7.83000000e+02  6.98754559e-01 -4.65879267e-03 
 1.00000000e+00  7.84000000e+02  7.28427769e-01  1.42140652e-03 
 1.00000000e+00  7.85000000e+02  6.97519971e-01 -1.55233395e-03 
 1.00000000e+00  7.86000000e+02  6.80799083e-01  1.05104855e-03 
 1.00000000e+00  7.87000000e+02  6.86464312e-01  1.22796689e-03 
 1.00000000e+00  7.88000000e+02  6.89383721e-01  3.66869531e-03 
 1.00000000e+00  7.89000000e+02  6.83950477e-01  2.63422348e-03 
 1.00000000e+00  7.90000000e+02  7.00264053e-01 -2.60933344e-03 
 1.00000000e+00  7.91000000e+02  7.01407552e-01  2.20182577e-03 
 1.00000000e+00  7.92000000e+02  6.80639664e-01  1.06744073e-03 
 1.00000000e+00  7.93000000e+02  6.92478099e-01  1.59636900e-03 
 1.00000000e+00  7.94000000e+02  6.63996213e-01 -8.27141402e-04 
 1.00000000e+00  7.95000000e+02  7.09011848e-01 -1.34463747e-03 
 1.00000000e+00  7.96000000e+02  7.43153996e-01  2.73263478e-03 
 1.00000000e+00  7.97000000e+02  7.01546079e-01 -7.17981146e-04 
 1.00000000e+00  7.98000000e+02  7.27490985e-01 -1.66536777e-03 
 1.00000000e+00  7.99000000e+02  7.12504771e-01 -3.15525487e-03 
 1.00000000e+00  8.00000000e+02  7.17063802e-01  1.06852210e-03 
 1.00000000e+00  8.01000000e+02  6.80221876e-01  1.48817185e-03 
 1.00000000e+00  8.02000000e+02  7.11904181e-01 -4.49983543e-04 
 1.00000000e+00  8.03000000e+02  7.53290671e-01 -2.56061444e-03 
 1.00000000e+00  8.04000000e+02  7.09770451e-01 -7.38197941e-05 
 1.00000000e+00  8.05000000e+02  7.03234460e-01  1.88775310e-03 
 1.00000000e+00  8.06000000e+02  6.95246582e-01  4.04832077e-03 
 1.00000000e+00  8.07000000e+02  7.03943392e-01 -4.59595496e-04 
 1.00000000e+00  8.08000000e+02  7.09446541e-01  1.58165498e-03 
 1.00000000e+00  8.09000000e+02  6.99560342e-01 -1.08079420e-03 
 1.00000000e+00  8.10000000e+02  7.07228043e-01 -5.09914327e-03 
 1.00000000e+00  8.11000000e+02  7.10729726e-01 -1.46595117e-04 
 1.00000000e+00  8.12000000e+02  7.21993746e-01 -7.06437779e-04 
 1.00000000e+00  8.13000000e+02  6.96075915e-01 -1.06928582e-03 
 1.00000000e+00  8.14000000e+02  7.24959204e-01  4.07607139e-03 
 1.00000000e+00  8.15000000e+02  7.25015349e-01 -5.85048792e-04 
 1.00000000e+00  8.16000000e+02  6.85241722e-01 -5.38199366e-04 
 1.00000000e+00  8.17000000e+02  7.17731313e-01 -4.79088129e-05 
 1.00000000e+00  8.18000000e+02  7.02578681e-01 -2.00707353e-03 
 1.00000000e+00  8.19000000e+02  7.23458356e-01 -8.74271215e-04 
 1.00000000e+00  8.20000000e+02  6.74909613e-01 -1.36281579e-03 
 1.00000000e+00  8.21000000e+02  6.91344940e-01  4.68525469e-04 
 1.00000000e+00  8.22000000e+02  7.16108283e-01 -7.36860589e-04 
 1.00000000e+00  8.23000000e+02  6.85700240e-01 -6.16686321e-04 
 1.00000000e+00  8.24000000e+02  7.03663631e-01 -4.13463029e-04 
 1.00000000e+00  8.25000000e+02  7.46905921e-01  1.80508236e-05 
 1.00000000e+00  8.26000000e+02  6.95968898e-01  1.22136855e-03 
 1.00000000e+00  8.27000000e+02  6.81365253e-01  1.57761355e-03 
 1.00000000e+00  8.28000000e+02  6.85108472e-01  2.05416277e-03 
 1.00000000e+00  8.29000000e+02  7.02012184e-01 -4.68916053e-03 
 1.00000000e+00  8.30000000e+02  7.06735867e-01 -4.59587647e-03 
 1.00000000e+00  8.31000000e+02  7.15631260e-01 -2.01128773e-03 
 1.00000000e+00  8.32000000e+02  7.02645519e-01  2.80245252e-03 
 1.00000000e+00  8.33000000e+02  6.87610706e-01  3.13616722e-03 
 1.00000000e+00  8.34000000e+02  7.22146032e-01 -1.76517520e-03 
 1.00000000e+00  8.35000000e+02  7.07459486e-01  6.77713636e-03 
 1.00000000e+00  8.36000000e+02  6.82314140e-01  2.12730521e-03 
 1.00000000e+00  8.37000000e+02  7.10088052e-01  7.70975291e-04 
 1.00000000e+00  8.38000000e+02  7.07885670e-01  2.70159414e-03 
 1.00000000e+00  8.39000000e+02  7.32254478e-01  1.47362837e-03 
 1.00000000e+00  8.40000000e+02  7.22946304e-01 -1.56976578e-04 
 1.00000000e+00  8.41000000e+02  7.07997355e-01  4.78318923e-04 
 1.00000000e+00  8.42000000e+02  7.15080412e-01 -1.83382460e-03 
 1.00000000e+00  8.43000000e+02  7.15669149e-01 -7.47643600e-04 
 1.00000000e+00  8.44000000e+02  7.05771935e-01  2.84072404e-03 
 1.00000000e+00  8.45000000e+02  6.89632210e-01  9.11987370e-05 
 1.00000000e+00  8.46000000e+02  7.08580529e-01 -1.74929940e-04 
 1.00000000e+00  8.47000000e+02  7.19325367e-01 -9.47818599e-04 
 1.00000000e+00  8.48000000e+02  7.29247531e-01 -4.90484577e-03 
 1.00000000e+00  8.49000000e+02  7.22324299e-01 -4.89417300e-03 
 1.00000000e+00  8.50000000e+02  7.13719181e-01  7.93410183e-04 
 1.00000000e+00  8.51000000e+02  6.91463903e-01  4.65355411e-04 
 1.00000000e+00  8.52000000e+02  6.86623890e-01 -4.21243380e-03 
 1.00000000e+00  8.53000000e+02  6.95461542e-01  1.75936324e-03 
 1.00000000e+00  8.54000000e+02  6.66059794e-01  4.13601604e-03 
 1.00000000e+00  8.55000000e+02  7.10943483e-01 -2.09814761e-04 
 1.00000000e+00  8.56000000e+02  6.97883215e-01 -2.06659876e-03 
 1.00000000e+00  8.57000000e+02  7.08509722e-01 -2.25303727e-03 
 1.00000000e+00  8.58000000e+02  6.78376518e-01 -3.27338104e-03 
 1.00000000e+00  8.59000000e+02  6.81488695e-01 -6.64093915e-04 
 1.00000000e+00  8.60000000e+02  6.72117965e-01  2.85615507e-03 
 1.00000000e+00  8.61000000e+02  6.87260638e-01  4.31846799e-04 
 1.00000000e+00  8.62000000e+02  7.04243634e-01  5.30100922e-04 
 1.00000000e+00  8.63000000e+02  7.02052225e-01 -2.06453392e-03 
 1.00000000e+00  8.64000000e+02  6.93529280e-01 -7.21688826e-03 
 1.00000000e+00  8.65000000e+02  7.15049064e-01  3.75749685e-03 
 1.00000000e+00  8.66000000e+02  7.30013069e-01  2.32671128e-03 
 1.00000000e+00  8.67000000e+02  6.92551260e-01 -8.87382669e-04 
 1.00000000e+00  8.68000000e+02  7.40457425e-01  1.02733846e-03 
 1.00000000e+00  8.69000000e+02  7.26355709e-01 -1.83884102e-03 
 1.00000000e+00  8.70000000e+02  6.92036177e-01 -1.66169972e-03 
 1.00000000e+00  8.71000000e+02  6.76688339e-01 -3.31015885e-04 
 1.00000000e+00  8.72000000e+02  6.97399681e-01  5.06314850e-04 
 1.00000000e+00  8.73000000e+02  6.88151183e-01  3.40150794e-03 
 1.00000000e+00  8.74000000e+02  7.14722346e-01  1.38991403e-03 
 1.00000000e+00  8.75000000e+02  7.08137055e-01 -1.03087059e-03 
 1.00000000e+00  8.76000000e+02  7.20519493e-01 -5.63739052e-04 
 1.00000000e+00  8.77000000e+02  7.23177474e-01 -7.74499708e-04 
 1.00000000e+00  8.78000000e+02  6.76239389e-01  5.63182693e-04 
 1.00000000e+00  8.79000000e+02  7.00744616e-01 -2.70374483e-03 
 1.00000000e+00  8.80000000e+02  6.81665641e-01 -3.19233157e-03 
 1.00000000e+00  8.81000000e+02  7.41446234e-01  2.73220443e-04 
 1.00000000e+00  8.82000000e+02  7.09674558e-01  1.03184465e-03 
 1.00000000e+00  8.83000000e+02  6.97148482e-01 -1.87190530e-03 
 1.00000000e+00  8.84000000e+02  6.77808861e-01  2.25674071e-03 
 1.00000000e+00  8.85000000e+02  6.75511186e-01  7.93221477e-04 
 1.00000000e+00  8.86000000e+02  7.10508303e-01  1.47756841e-04 
 1.00000000e+00  8.87000000e+02  7.12731604e-01  1.33546743e-03 
 1.00000000e+00  8.88000000e+02  6.97730536e-01 -1.03213325e-03 
 1.00000000e+00  8.89000000e+02  6.97960143e-01 -4.31340906e-04 
 1.00000000e+00  8.90000000e+02  6.91488102e-01  2.70917486e-04 
 1.00000000e+00  8.91000000e+02  7.25155342e-01 -2.61689444e-03 
 1.00000000e+00  8.92000000e+02  6.85999056e-01 -1.43879030e-03 
 1.00000000e+00  8.93000000e+02  7.03047070e-01  2.57183025e-03 
 1.00000000e+00  8.94000000e+02  7.32614889e-01 -5.05179867e-04 
 1.00000000e+00  8.95000000e+02  7.08145888e-01  3.18395286e-03 
 1.00000000e+00  8.96000000e+02  6.62192414e-01 -2.09257800e-05 
 1.00000000e+00  8.97000000e+02  7.24316525e-01  5.92085879e-04 
 1.00000000e+00  8.98000000e+02  7.12407532e-01  1.37384955e-04 
 1.00000000e+00  8.99000000e+02  7.46122518e-01 -1.97374797e-03 
 1.00000000e+00  9.00000000e+02  6.81119147e-01  1.90628740e-03 
 1.00000000e+00  9.01000000e+02  7.05145316e-01  1.24940753e-03 
 1.00000000e+00  9.02000000e+02  7.08672074e-01  1.39719294e-04 
 1.00000000e+00  9.03000000e+02  7.20376137e-01  8.48950106e-04 
 1.00000000e+00  9.04000000e+02  6.87568915e-01 -1.67201230e-03 
 1.00000000e+00  9.05000000e+02  7.33551211e-01  5.23716070e-04 
 1.00000000e+00  9.06000000e+02  6.99056244e-01 -3.38025594e-04 
 1.00000000e+00  9.07000000e+02  7.21208729e-01  1.27751081e-03 
 1.00000000e+00  9.08000000e+02  6.80974626e-01 -2.17274893e-03 
 1.00000000e+00  9.09000000e+02  7.19331239e-01 -8.22361319e-04 
 1.00000000e+00  9.10000000e+02  7.09268470e-01 -1.25387001e-03 
 1.00000000e+00  9.11000000e+02  7.05066096e-01 -3.42366133e-03 
 1.00000000e+00  9.12000000e+02  7.15223906e-01  1.64392651e-03 
 1.00000000e+00  9.13000000e+02  7.11830626e-01  2.48407952e-03 
 1.00000000e+00  9.14000000e+02  7.05726796e-01 -1.48831246e-03 
 1.00000000e+00  9.15000000e+02  7.19265005e-01 -1.24722890e-03 
 1.00000000e+00  9.16000000e+02  7.15508067e-01 -2.90913904e-03 
 1.00000000e+00  9.17000000e+02  7.03180582e-01  3.66252688e-03 
 1.00000000e+00  9.18000000e+02  7.24204912e-01  1.49168039e-03 
 1.00000000e+00  9.19000000e+02  6.99347630e-01  8.29301915e-04 
 1.00000000e+00  9.20000000e+02  6.93756233e-01  7.96212767e-05 
 1.00000000e+00  9.21000000e+02  7.22262038e-01 -2.30121225e-03 
 1.00000000e+00  9.22000000e+02  6.96354731e-01 -4.33856347e-03 
 1.00000000e+00  9.23000000e+02  7.06716959e-01 -3.19743687e-03 
 1.00000000e+00  9.24000000e+02  6.99579905e-01  7.26148814e-04 
 1.00000000e+00  9.25000000e+02  7.26973319e-01  3.15852856e-03 
 1.00000000e+00  9.26000000e+02  7.10345365e-01 -1.45579245e-03 
 1.00000000e+00  9.27000000e+02  6.90179089e-01 -4.63009703e-03 
 1.00000000e+00  9.28000000e+02  7.17539238e-01  1.01048568e-03 
 1.00000000e+00  9.29000000e+02  6.97528619e-01 -1.07379291e-03 
 1.00000000e+00  9.30000000e+02  7.00867739e-01  1.17057771e-04 
 1.00000000e+00  9.31000000e+02  6.92477731e-01 -1.92687009e-03 
 1.00000000e+00  9.32000000e+02  6.93063123e-01 -1.61797693e-03 
 1.00000000e+00  9.33000000e+02  6.89210761e-01 -1.61775660e-03 
 1.00000000e+00  9.34000000e+02  6.93978296e-01 -6.98348577e-04 
 1.00000000e+00  9.35000000e+02  7.25729096e-01 -1.80429244e-03 
 1.00000000e+00  9.36000000e+02  7.14469139e-01 -2.08912453e-03 
 1.00000000e+00  9.37000000e+02  7.11688355e-01 -8.34204566e-04 
 1.00000000e+00  9.38000000e+02  7.02767805e-01  2.30694731e-03 
 1.00000000e+00  9.39000000e+02  6.80100414e-01 -2.54756916e-03 
 1.00000000e+00  9.40000000e+02  6.78029969e-01  1.47812823e-03 
 1.00000000e+00  9.41000000e+02  7.10685685e-01 -1.00262946e-03 
 1.00000000e+00  9.42000000e+02  6.99219609e-01 -2.36952275e-03 
 1.00000000e+00  9.43000000e+02  7.17357076e-01  8.24498392e-04 
 1.00000000e+00  9.44000000e+02  7.14931817e-01 -2.41125920e-03 
 1.00000000e+00  9.45000000e+02  7.25859146e-01  1.33870603e-03 
 1.00000000e+00  9.46000000e+02  6.95270045e-01 -8.67508028e-04 
 1.00000000e+00  9.47000000e+02  7.17024160e-01 -1.66994132e-03 
 1.00000000e+00  9.48000000e+02  7.19217874e-01  5.56624783e-04 
 1.00000000e+00  9.49000000e+02  6.77985048e-01  2.27505988e-03 
 1.00000000e+00  9.50000000e+02  6.89536631e-01 -1.75187050e-03 
 1.00000000e+00  9.51000000e+02  7.06244267e-01 -6.43401842e-04 
 1.00000000e+00  9.52000000e+02  7.08177582e-01 -2.67254569e-04 
 1.00000000e+00  9.53000000e+02  6.74346595e-01  1.22218822e-03 
 1.00000000e+00  9.54000000e+02  7.18151992e-01  1.57171743e-03 
 1.00000000e+00  9.55000000e+02  6.97454148e-01 -4.77651401e-03 
 1.00000000e+00  9.56000000e+02  7.00145119e-01  9.06229504e-04 
 1.00000000e+00  9.57000000e+02  6.89755251e-01 -1.12440687e-03 
 1.00000000e+00  9.58000000e+02  6.94070922e-01  3.36161802e-03 
 1.00000000e+00  9.59000000e+02  6.97632486e-01 -8.20833450e-04 
 1.00000000e+00  9.60000000e+02  7.19962897e-01 -1.33523305e-03 
 1.00000000e+00  9.61000000e+02  6.67662204e-01  3.05807895e-03 
 1.00000000e+00  9.62000000e+02  7.15778678e-01  3.38166185e-03 
 1.00000000e+00  9.63000000e+02  7.28894572e-01  1.54130065e-03 
 1.00000000e+00  9.64000000e+02  6.95311229e-01 -2.25255464e-03 
 1.00000000e+00  9.65000000e+02  7.10052767e-01 -1.02906017e-04 
 1.00000000e+00  9.66000000e+02  4.84825632e-01  1.78739680e-04 
 1.00000000e+00  9.67000000e+02  6.86359026e-01  3.39518194e-03 
 1.00000000e+00  9.68000000e+02  6.90026046e-01 -2.22989367e-03 
 1.00000000e+00  9.69000000e+02  6.73842650e-01 -3.92127965e-04 
 1.00000000e+00  9.70000000e+02  7.16987768e-01  3.33322609e-03 
 1.00000000e+00  9.71000000e+02  6.89325360e-01 -1.15136000e-03 
 1.00000000e+00  9.72000000e+02  6.86018864e-01  1.02060995e-03 
 1.00000000e+00  9.73000000e+02  7.02639045e-01 -1.07953363e-03 
 1.00000000e+00  9.74000000e+02  7.33126774e-01  3.54810249e-03 
 1.00000000e+00  9.75000000e+02  7.13600468e-01  1.46806714e-03 
 1.00000000e+00  9.76000000e+02  7.07761617e-01 -7.46112556e-04 
 1.00000000e+00  9.77000000e+02  6.96996977e-01  2.63899259e-04 
 1.00000000e+00  9.78000000e+02  6.95239974e-01  1.06057380e-03 
 1.00000000e+00  9.79000000e+02  7.17955659e-01  2.48600666e-03 
 1.00000000e+00  9.80000000e+02  6.69022366e-01 -2.60194032e-05 
 1.00000000e+00  9.81000000e+02  7.08743922e-01  5.94567413e-05 
 1.00000000e+00  9.82000000e+02  7.23886059e-01 -3.58105649e-04 
 1.00000000e+00  9.83000000e+02  6.82893142e-01  5.97802468e-03 
 1.00000000e+00  9.84000000e+02  6.91719021e-01 -2.04246838e-03 
 1.00000000e+00  9.85000000e+02  6.84810611e-01 -5.94029871e-04 
 1.00000000e+00  9.86000000e+02  6.94580994e-01  5.14925006e-03 
 1.00000000e+00  9.87000000e+02  6.96218884e-01  8.70808368e-04 
 1.00000000e+00  9.88000000e+02  7.21033984e-01 -6.69895139e-04 
 1.00000000e+00  9.89000000e+02  7.35160288e-01 -2.65758980e-03 
 1.00000000e+00  9.90000000e+02  6.86215143e-01 -2.52135719e-03 
 1.00000000e+00  9.91000000e+02  7.21015037e-01 -9.28937387e-04 
 1.00000000e+00  9.92000000e+02  7.01612432e-01  2.21631991e-03 
 1.00000000e+00  9.93000000e+02  7.08664009e-01 -7.53547713e-04 
 1.00000000e+00  9.94000000e+02  7.20728147e-01  2.02288354e-03 
 1.00000000e+00  9.95000000e+02  6.73677621e-01  2.42204013e-03 
 1.00000000e+00  9.96000000e+02  7.12910333e-01  1.12202334e-03 
 1.00000000e+00  9.97000000e+02  6.94063543e-01 -6.39846809e-04 
 1.00000000e+00  9.98000000e+02  7.00916858e-01 -2.10459208e-03 
 1.00000000e+00  9.99000000e+02  7.17881233e-01 -4.90870435e-05 
